Testpersonnummer
193901059059
193901199020
193901249007
193901308308
193902027030
193902218886
193902238298
193903049165
193903248437
193904217464
193904286873
193905165407
193905299198
193906179183
193906218890
193907116580
193907189090
193908079167
193908139060
193908199163
193908238490
193909099206
193909179131
193909189205
193909208419
193909268462
193910108020
193910179203
193910219181
193910288194
193911019143
193911137077
193911152381
193912052390
193912207242
193912298894
